  15498 1
   3981 2
   1908 3
   1167 4
    775 5
    572 6
    427 7
    335 8
    289 9
    224 10
    196 11
    179 12
    144 13
    138 14
     99 16
     88 15
     80 19
     77 17
     72 18
     71 20
     63 21
     52 22
     47 23
     45 24
     43 25
     34 29
     32 28
     32 27
     31 26
     30 31
     25 36
     25 33
     24 34
     21 40
     21 38
     21 37
     20 35
     19 30
     17 43
     16 41
     16 39
     14 44
     14 32
     13 56
     13 54
     13 46
     12 50
     11 68
     11 55
     11 51
     11 49
     11 47
     10 84
     10 42
      9 66
      9 45
      8 76
      8 73
      8 69
      8 48
      7 94
      7 85
      7 83
      7 74
      7 65
      7 63
      7 62
      7 58
      7 53
      7 104
      6 77
      6 71
      6 64
      6 61
      6 59
      6 57
      6 52
      5 90
      5 87
      5 78
      5 121
      4 98
      4 96
      4 95
      4 82
      4 81
      4 80
      4 72
      4 60
      4 252
      4 129
      4 123
      4 117
      4 115
      3 97
      3 92
      3 79
      3 75
      3 67
      3 233
      3 179
      3 167
      3 136
      3 132
      3 127
      3 113
      3 112
      3 106
      3 100
      2 99
      2 93
      2 86
      2 70
      2 616
      2 537
      2 512
      2 280
      2 220
      2 218
      2 208
      2 194
      2 170
      2 165
      2 164
      2 157
      2 156
      2 155
      2 153
      2 148
      2 145
      2 144
      2 141
      2 139
      2 137
      2 134
      2 130
      2 126
      2 125
      2 124
      2 122
      2 120
      2 118
      2 114
      2 107
      2 105
      2 102
      2 101
      1 995
      1 979
      1 960
      1 955
      1 937
      1 91
      1 88
      1 879
      1 875
      1 827
      1 799
      1 746
      1 740
      1 738
      1 691
      1 683
      1 667
      1 665
      1 661
      1 652
      1 6348
      1 632
      1 615
      1 613
      1 606
      1 570
      1 567
      1 563
      1 562
      1 547
      1 530
      1 505
      1 499
      1 4921
      1 492
      1 481
      1 456
      1 451
      1 441
      1 4270
      1 424
      1 412
      1 404
      1 402
      1 396
      1 395
      1 394
      1 387
      1 376
      1 367
      1 361
      1 358
      1 349
      1 3475
      1 342
      1 334
      1 325
      1 3159
      1 313
      1 308
      1 301
      1 293
      1 291
      1 289
      1 287
      1 286
      1 284
      1 281
      1 279
      1 2757
      1 271
      1 270
      1 2629
      1 258
      1 2565
      1 2546
      1 248
      1 247
      1 246
      1 245
      1 241
      1 235
      1 234
      1 231
      1 229
      1 227
      1 226
      1 2234
      1 213
      1 2086
      1 207
      1 204
      1 203
      1 201
      1 200
      1 196
      1 195
      1 1928
      1 190
      1 188
      1 187
      1 186
      1 185
      1 183
      1 181
      1 178
      1 176
      1 174
      1 173
      1 172
      1 171
      1 168
      1 1676
      1 163
      1 162
      1 154
      1 147
      1 142
      1 140
      1 138
      1 135
      1 128
      1 1260
      1 1250
      1 1223
      1 119
      1 111
      1 110
